----------------------------
80
81
803
612
598
247
24
72
606
319
----------------------------
724
662
550
967
583
343
311
297
572
796
----------------------------
483
83
264
650
267
252
702
990
126
367
----------------------------
547
612
629
183
632
409
186
442
203
524
----------------------------
560
452
244
565
501
647
909
62
414
415
----------------------------
162
690
627
484
809
985
926
910
559
751
----------------------------
496
145
341
871
825
587
12
607
575
271
----------------------------
610
547
948
484
741
869
8
333
814
734
----------------------------
496
849
787
548
100
773
951
906
492
527
----------------------------
211
980
997
821
358
151
696
234
683
190
----------------------------
400
178
182
969
362
349
13
831
975
335
----------------------------
737
354
596
533
485
634
139
382
975
815
----------------------------
816
340
565
150
502
490
315
699
591
815
